opening,closing,Volume
716.8833413333333,726.4000040000001,633979
726.6833493333334,738.5000200000001,821530
736.3833413333333,733.2833453333333,327676
735.4000040000001,741.5666706666667,203743
742.7999880000001,750.4666546666667,363835
752.4666546666667,760.8833213333334,534984
765.199992,773.5833333333334,151985
775.1666666666666,777.5833333333334,441476
779.5,783.5166626666665,564766
778.8333333333334,779.3166506666666,212793
780.0,786.6833293333333,186954
785.8833413333333,787.2333373333335,220696
794.1833493333334,803.7833453333333,275987
830.850016,841.850016,367334
869.300008,882.1166786666666,1272970
905.0,916.1500040000001,3327650
920.300008,924.75,1728207
929.9666746666667,929.8833413333333,797602
933.9666746666667,921.650004,858147
920.2333373333332,916.949992,481341
914.3833413333332,926.4666546666666,790412
925.0333453333333,944.4333293333333,845525
941.2833453333333,954.8499959999999,548113
953.8000079999998,959.4833173333333,652792
959.4833373333332,960.649984,519229
962.599996,961.8166506666666,569279
962.5,957.899984,685429
957.5833333333334,950.6833093333333,292771
953.3166706666666,954.6333213333332,353882
957.0333253333333,954.8499959999999,533690
957.199992,957.0166626666665,585867
957.8499959999999,950.0166626666665,440768
951.0666706666666,951.5499879999999,541207
952.5999959999999,951.5999959999999,504482
953.6166586666667,953.3666586666667,277192
954.6166586666667,954.0833333333334,265916
956.7666626666668,959.3833413333333,484478
961.7666626666668,961.3166706666667,541115
963.599996,960.5000000000001,108582
963.0333253333333,954.399984,117800
956.3166506666666,950.3666586666667,105929
952.1333213333332,944.7999879999999,96628
944.949992,945.449992,298417
948.3333333333334,945.1833293333334,221870
949.5499880000001,944.0166626666668,328950
948.3666586666667,936.5833333333334,321931
936.699992,925.8833213333334,146816
925.9666746666667,922.2833253333334,242821
922.8833413333333,924.5833333333334,131881
921.7166746666667,926.2333373333335,1627215
922.1666666666666,926.4333493333334,326429
923.4833373333332,927.9833373333335,165556
926.3166706666666,931.0000000000001,177849
931.8666786666666,936.099996,296135
933.9666746666667,937.8833413333333,346359
940.4666746666667,954.4333493333332,229230
955.150004,968.4166866666666,151955
973.4666746666666,986.9666746666667,652772
988.9666746666666,997.8666786666668,232236
1000.9666746666666,1004.7500000000001,1413638
1003.9833373333332,1007.5000000000001,370943
1008.7833453333333,1006.349996,358949
1008.9166666666666,1012.050008,478960
1011.5833333333334,1000.7333373333332,466321
